Размер выборки
230

Шаг выборки
 1.000000000000000E+00

Уровень значимости
 1.000000000000000E-02

Массив времени
 0.000000000000000E+00    1.000000000000000E+00    2.000000000000000E+00    3.000000000000000E+00    4.000000000000000E+00    5.000000000000000E+00    6.000000000000000E+00    7.000000000000000E+00    8.000000000000000E+00    9.000000000000000E+00    1.000000000000000E+01    1.100000000000000E+01    1.200000000000000E+01    1.300000000000000E+01    1.400000000000000E+01    1.500000000000000E+01    1.600000000000000E+01    1.700000000000000E+01    1.800000000000000E+01    1.900000000000000E+01    2.000000000000000E+01    2.100000000000000E+01    2.200000000000000E+01    2.300000000000000E+01    2.400000000000000E+01    2.500000000000000E+01    2.600000000000000E+01    2.700000000000000E+01    2.800000000000000E+01    2.900000000000000E+01    3.000000000000000E+01    3.100000000000000E+01    3.200000000000000E+01    3.300000000000000E+01    3.400000000000000E+01    3.500000000000000E+01    3.600000000000000E+01    3.700000000000000E+01    3.800000000000000E+01    3.900000000000000E+01    4.000000000000000E+01    4.100000000000000E+01    4.200000000000000E+01    4.300000000000000E+01    4.400000000000000E+01    4.500000000000000E+01    4.600000000000000E+01    4.700000000000000E+01    4.800000000000000E+01    4.900000000000000E+01    5.000000000000000E+01    5.100000000000000E+01    5.200000000000000E+01    5.300000000000000E+01    5.400000000000000E+01    5.500000000000000E+01    5.600000000000000E+01    5.700000000000000E+01    5.800000000000000E+01    5.900000000000000E+01    6.000000000000000E+01    6.100000000000000E+01    6.200000000000000E+01    6.300000000000000E+01    6.400000000000000E+01    6.500000000000000E+01    6.600000000000000E+01    6.700000000000000E+01    6.800000000000000E+01    6.900000000000000E+01    7.000000000000000E+01    7.100000000000000E+01    7.200000000000000E+01    7.300000000000000E+01    7.400000000000000E+01    7.500000000000000E+01    7.600000000000000E+01    7.700000000000000E+01    7.800000000000000E+01    7.900000000000000E+01    8.000000000000000E+01    8.100000000000000E+01    8.200000000000000E+01    8.300000000000000E+01    8.400000000000000E+01    8.500000000000000E+01    8.600000000000000E+01    8.700000000000000E+01    8.800000000000000E+01    8.900000000000000E+01    9.000000000000000E+01    9.100000000000000E+01    9.200000000000000E+01    9.300000000000000E+01    9.400000000000000E+01    9.500000000000000E+01    9.600000000000000E+01    9.700000000000000E+01    9.800000000000000E+01    9.900000000000000E+01    1.000000000000000E+02    1.010000000000000E+02    1.020000000000000E+02    1.030000000000000E+02    1.040000000000000E+02    1.050000000000000E+02    1.060000000000000E+02    1.070000000000000E+02    1.080000000000000E+02    1.090000000000000E+02    1.100000000000000E+02    1.110000000000000E+02    1.120000000000000E+02    1.130000000000000E+02    1.140000000000000E+02    1.150000000000000E+02    1.160000000000000E+02    1.170000000000000E+02    1.180000000000000E+02    1.190000000000000E+02    1.200000000000000E+02    1.210000000000000E+02    1.220000000000000E+02    1.230000000000000E+02    1.240000000000000E+02    1.250000000000000E+02    1.260000000000000E+02    1.270000000000000E+02    1.280000000000000E+02    1.290000000000000E+02    1.300000000000000E+02    1.310000000000000E+02    1.320000000000000E+02    1.330000000000000E+02    1.340000000000000E+02    1.350000000000000E+02    1.360000000000000E+02    1.370000000000000E+02    1.380000000000000E+02    1.390000000000000E+02    1.400000000000000E+02    1.410000000000000E+02    1.420000000000000E+02    1.430000000000000E+02    1.440000000000000E+02    1.450000000000000E+02    1.460000000000000E+02    1.470000000000000E+02    1.480000000000000E+02    1.490000000000000E+02    1.500000000000000E+02    1.510000000000000E+02    1.520000000000000E+02    1.530000000000000E+02    1.540000000000000E+02    1.550000000000000E+02    1.560000000000000E+02    1.570000000000000E+02    1.580000000000000E+02    1.590000000000000E+02    1.600000000000000E+02    1.610000000000000E+02    1.620000000000000E+02    1.630000000000000E+02    1.640000000000000E+02    1.650000000000000E+02    1.660000000000000E+02    1.670000000000000E+02    1.680000000000000E+02    1.690000000000000E+02    1.700000000000000E+02    1.710000000000000E+02    1.720000000000000E+02    1.730000000000000E+02    1.740000000000000E+02    1.750000000000000E+02    1.760000000000000E+02    1.770000000000000E+02    1.780000000000000E+02    1.790000000000000E+02    1.800000000000000E+02    1.810000000000000E+02    1.820000000000000E+02    1.830000000000000E+02    1.840000000000000E+02    1.850000000000000E+02    1.860000000000000E+02    1.870000000000000E+02    1.880000000000000E+02    1.890000000000000E+02    1.900000000000000E+02    1.910000000000000E+02    1.920000000000000E+02    1.930000000000000E+02    1.940000000000000E+02    1.950000000000000E+02    1.960000000000000E+02    1.970000000000000E+02    1.980000000000000E+02    1.990000000000000E+02    2.000000000000000E+02    2.010000000000000E+02    2.020000000000000E+02    2.030000000000000E+02    2.040000000000000E+02    2.050000000000000E+02    2.060000000000000E+02    2.070000000000000E+02    2.080000000000000E+02    2.090000000000000E+02    2.100000000000000E+02    2.110000000000000E+02    2.120000000000000E+02    2.130000000000000E+02    2.140000000000000E+02    2.150000000000000E+02    2.160000000000000E+02    2.170000000000000E+02    2.180000000000000E+02    2.190000000000000E+02    2.200000000000000E+02    2.210000000000000E+02    2.220000000000000E+02    2.230000000000000E+02    2.240000000000000E+02    2.250000000000000E+02    2.260000000000000E+02    2.270000000000000E+02    2.280000000000000E+02    2.290000000000000E+02

Массив значений
 2.347533187600364E+00    6.610470128011912E-01    1.550686959849265E+00   -7.373124640603388E-01    6.274023641879890E-01   -9.792035989743610E-01   -1.593747657060965E+00    1.239645478416838E+00   -1.327937199386543E-01    9.326044528131263E-01    9.368065582403980E-01    1.801977492859726E+00    6.281633187805967E-01    1.787182892241489E+00   -1.240133769839319E+00    5.627146550151924E-02   -2.801422790836454E-01   -9.890124896086649E-03   -6.050865156097684E-01    1.931559979757435E+00    1.751832295279348E+00    1.858605400956448E+00    1.847864138117135E+00   -4.963085904591874E-01    3.302366054517304E-01   -9.610314173170059E-02   -6.848235752581814E-01    2.232916910317539E+00    2.634241668407000E+00    1.471473862927227E+00    3.704255639827559E+00    3.437297284092844E+00    1.331311878770867E+00    4.502686987447756E-01    7.004330100876145E-01    1.032197413997239E+00    1.675710846518603E+00    2.758556689970538E+00    2.167539364340162E+00    2.983898449211757E+00    1.141122448039728E+00    1.847404489124468E+00    1.617393949011995E+00    9.550468651652474E-01   -3.469951344827646E-01    2.852704963665285E-01    1.959516159322406E+00    1.031149129072098E+00    2.090523955680744E+00    4.056261062894754E+00    3.165482264411698E+00    3.805400660430492E+00    3.171502211930886E+00    2.338598633983113E+00    4.160556032211289E+00    4.615478588698085E-02    1.517820455278458E+00    2.538472313421180E+00    3.460882545655627E+00    1.325311323687261E+00    5.080891768141995E+00    2.912953416480666E+00    2.129873671176568E+00    3.617453249288706E+00    2.488804855133197E+00    2.645208907388923E+00    1.270339533150393E+00    3.221322806467029E+00    1.504949653786205E+00    5.007599620434342E+00    4.243417102962598E+00    5.530865777982916E+00    4.290307235728925E+00    3.208649875618523E+00    3.213128999453290E+00    1.722635689695848E+00    2.833545922576779E+00    5.062813323676186E+00    3.775539045714690E+00    6.035387030113448E+00    5.332385164231770E+00    5.299221161009806E+00    4.760531392103870E+00    2.809035502594979E+00    3.621424440891712E+00    1.676031746571645E+00    3.325490284037458E+00    4.901753858082472E+00    2.576804122638453E+00    3.353847455625637E+00    4.531888271377852E+00    5.303438227872244E+00    5.149842281948446E+00    4.657758415409401E+00    3.515908397865625E+00    2.717756788488578E+00    5.277806678186733E+00    5.760225995166302E+00    4.558808066867284E+00    5.189591426672830E+00    6.303140950602864E+00    6.679664992589974E+00    3.942897648953054E+00    2.360272787320745E+00    3.911930883650032E+00    5.564619312216977E+00    5.390635956869890E+00    4.221512450009011E+00    7.068636333701551E+00    7.833066944191726E+00    7.188273671603611E+00    6.871043707662377E+00    5.646727588444662E+00    5.206839104325836E+00    5.541920375798877E+00    3.882149960495511E+00    6.378416453003783E+00    7.022467123867870E+00    4.236805786730978E+00    5.723430214846770E+00    5.913645324870045E+00    7.325209733464204E+00    5.939858479193445E+00    6.255781149453347E+00    6.576985536516492E+00    3.665058164504039E+00    4.521784434907359E+00    6.596542886428217E+00    7.090509875083591E+00    7.410411866431156E+00    5.355452299801556E+00    8.816554556282053E+00    5.662190200251519E+00    5.311903630040512E+00    6.877721857940784E+00    6.465809131235046E+00    5.911800566293200E+00    5.923104159279203E+00    6.884254045464389E+00    8.939210891451918E+00    7.465172023588790E+00    7.794471211806704E+00    7.824175232275234E+00    5.166241342155529E+00    7.541663868476541E+00    6.215558380234812E+00    7.063144176395946E+00    7.826808930176301E+00    7.968923098658648E+00    9.387758999065925E+00    9.693078851643726E+00    9.408914006164474E+00    9.619961426914957E+00    6.937899451603112E+00    6.431658836439760E+00    6.997487524986539E+00    8.262971511778957E+00    7.411676716109965E+00    6.909441610624492E+00    8.264135629233575E+00    9.140674983972557E+00    8.680946007542108E+00    9.522396567236994E+00    8.449451904175433E+00    9.199756235504864E+00    8.449887724286022E+00    8.519949189629262E+00    8.201327883266652E+00    1.048081101977967E+01    1.022663797118147E+01    9.028809262051265E+00    1.040946024989049E+01    9.445494083045446E+00    7.462026882410864E+00    8.065217561897372E+00    9.672860955248613E+00    7.736041002854543E+00    8.095073975139197E+00    9.961912682736692E+00    9.413224713141632E+00    1.019285962408972E+01    1.074834764239875E+01    9.879370237937730E+00    9.433407676641979E+00    8.111644563889078E+00    8.214620598253315E+00    8.130411941272007E+00    8.811692399606972E+00    8.117907942546912E+00    1.065192922138961E+01    9.480597186351819E+00    9.546434322707006E+00    9.046295105893160E+00    1.062313035754557E+01    8.926115972268203E+00    7.425760599390916E+00    8.137906088216520E+00    9.750871939120827E+00    1.002495714924169E+01    1.118520336698164E+01    9.715891234729256E+00    1.172393169081963E+01    1.006246579057811E+01    1.003980381780033E+01    7.619984466296353E+00    1.135403414863638E+01    9.319293905137815E+00    1.081955570775712E+01    9.977314501893900E+00    1.157131771865861E+01    1.162722723972124E+01    1.188201994672884E+01    1.169318366011326E+01    9.570929793324478E+00    9.929112249531826E+00    1.081492133063249E+01    8.815794879004102E+00    1.016090269022418E+01    1.095958276098719E+01    1.184858557789776E+01    1.138867028649971E+01    1.063617358665271E+01    1.009130360840028E+01    1.019561571256831E+01    1.062319178106407E+01    9.536832733579510E+00    1.045960688301223E+01    1.008979661642464E+01    1.175868576607661E+01    1.186195615949985E+01
