Размер выборки
230

Шаг выборки
 0.100000000000000E+01

Уровень значимости
 0.100000000000000E-01

Массив времени
 0.000000000000000E+00    0.100000000000000E+01    0.200000000000000E+01    0.300000000000000E+01    0.400000000000000E+01    0.500000000000000E+01    0.600000000000000E+01    0.700000000000000E+01    0.800000000000000E+01    0.900000000000000E+01    0.100000000000000E+02    0.110000000000000E+02    0.120000000000000E+02    0.130000000000000E+02    0.140000000000000E+02    0.150000000000000E+02    0.160000000000000E+02    0.170000000000000E+02    0.180000000000000E+02    0.190000000000000E+02    0.200000000000000E+02    0.210000000000000E+02    0.220000000000000E+02    0.230000000000000E+02    0.240000000000000E+02    0.250000000000000E+02    0.260000000000000E+02    0.270000000000000E+02    0.280000000000000E+02    0.290000000000000E+02    0.300000000000000E+02    0.310000000000000E+02    0.320000000000000E+02    0.330000000000000E+02    0.340000000000000E+02    0.350000000000000E+02    0.360000000000000E+02    0.370000000000000E+02    0.380000000000000E+02    0.390000000000000E+02    0.400000000000000E+02    0.410000000000000E+02    0.420000000000000E+02    0.430000000000000E+02    0.440000000000000E+02    0.450000000000000E+02    0.460000000000000E+02    0.470000000000000E+02    0.480000000000000E+02    0.490000000000000E+02    0.500000000000000E+02    0.510000000000000E+02    0.520000000000000E+02    0.530000000000000E+02    0.540000000000000E+02    0.550000000000000E+02    0.560000000000000E+02    0.570000000000000E+02    0.580000000000000E+02    0.590000000000000E+02    0.600000000000000E+02    0.610000000000000E+02    0.620000000000000E+02    0.630000000000000E+02    0.640000000000000E+02    0.650000000000000E+02    0.660000000000000E+02    0.670000000000000E+02    0.680000000000000E+02    0.690000000000000E+02    0.700000000000000E+02    0.710000000000000E+02    0.720000000000000E+02    0.730000000000000E+02    0.740000000000000E+02    0.750000000000000E+02    0.760000000000000E+02    0.770000000000000E+02    0.780000000000000E+02    0.790000000000000E+02    0.800000000000000E+02    0.810000000000000E+02    0.820000000000000E+02    0.830000000000000E+02    0.840000000000000E+02    0.850000000000000E+02    0.860000000000000E+02    0.870000000000000E+02    0.880000000000000E+02    0.890000000000000E+02    0.900000000000000E+02    0.910000000000000E+02    0.920000000000000E+02    0.930000000000000E+02    0.940000000000000E+02    0.950000000000000E+02    0.960000000000000E+02    0.970000000000000E+02    0.980000000000000E+02    0.990000000000000E+02    0.100000000000000E+03    0.101000000000000E+03    0.102000000000000E+03    0.103000000000000E+03    0.104000000000000E+03    0.105000000000000E+03    0.106000000000000E+03    0.107000000000000E+03    0.108000000000000E+03    0.109000000000000E+03    0.110000000000000E+03    0.111000000000000E+03    0.112000000000000E+03    0.113000000000000E+03    0.114000000000000E+03    0.115000000000000E+03    0.116000000000000E+03    0.117000000000000E+03    0.118000000000000E+03    0.119000000000000E+03    0.120000000000000E+03    0.121000000000000E+03    0.122000000000000E+03    0.123000000000000E+03    0.124000000000000E+03    0.125000000000000E+03    0.126000000000000E+03    0.127000000000000E+03    0.128000000000000E+03    0.129000000000000E+03    0.130000000000000E+03    0.131000000000000E+03    0.132000000000000E+03    0.133000000000000E+03    0.134000000000000E+03    0.135000000000000E+03    0.136000000000000E+03    0.137000000000000E+03    0.138000000000000E+03    0.139000000000000E+03    0.140000000000000E+03    0.141000000000000E+03    0.142000000000000E+03    0.143000000000000E+03    0.144000000000000E+03    0.145000000000000E+03    0.146000000000000E+03    0.147000000000000E+03    0.148000000000000E+03    0.149000000000000E+03    0.150000000000000E+03    0.151000000000000E+03    0.152000000000000E+03    0.153000000000000E+03    0.154000000000000E+03    0.155000000000000E+03    0.156000000000000E+03    0.157000000000000E+03    0.158000000000000E+03    0.159000000000000E+03    0.160000000000000E+03    0.161000000000000E+03    0.162000000000000E+03    0.163000000000000E+03    0.164000000000000E+03    0.165000000000000E+03    0.166000000000000E+03    0.167000000000000E+03    0.168000000000000E+03    0.169000000000000E+03    0.170000000000000E+03    0.171000000000000E+03    0.172000000000000E+03    0.173000000000000E+03    0.174000000000000E+03    0.175000000000000E+03    0.176000000000000E+03    0.177000000000000E+03    0.178000000000000E+03    0.179000000000000E+03    0.180000000000000E+03    0.181000000000000E+03    0.182000000000000E+03    0.183000000000000E+03    0.184000000000000E+03    0.185000000000000E+03    0.186000000000000E+03    0.187000000000000E+03    0.188000000000000E+03    0.189000000000000E+03    0.190000000000000E+03    0.191000000000000E+03    0.192000000000000E+03    0.193000000000000E+03    0.194000000000000E+03    0.195000000000000E+03    0.196000000000000E+03    0.197000000000000E+03    0.198000000000000E+03    0.199000000000000E+03    0.200000000000000E+03    0.201000000000000E+03    0.202000000000000E+03    0.203000000000000E+03    0.204000000000000E+03    0.205000000000000E+03    0.206000000000000E+03    0.207000000000000E+03    0.208000000000000E+03    0.209000000000000E+03    0.210000000000000E+03    0.211000000000000E+03    0.212000000000000E+03    0.213000000000000E+03    0.214000000000000E+03    0.215000000000000E+03    0.216000000000000E+03    0.217000000000000E+03    0.218000000000000E+03    0.219000000000000E+03    0.220000000000000E+03    0.221000000000000E+03    0.222000000000000E+03    0.223000000000000E+03    0.224000000000000E+03    0.225000000000000E+03    0.226000000000000E+03    0.227000000000000E+03    0.228000000000000E+03    0.229000000000000E+03

Массив значений
 0.151558566440982E+01    0.631408759094375E+00    0.706016062403111E+00   -0.196289567519087E+01   -0.339297303189527E+00   -0.145305811488695E+01   -0.380303003749537E+00   -0.382801230105153E+00    0.261493509442060E+01    0.145775020784571E+01    0.279852002893017E+01    0.144038632758423E+01    0.253056787418665E+01    0.157527901793914E+01    0.105984497178529E+01    0.160998473026214E+01   -0.434280468004494E+00    0.203757196977327E+01    0.236179161768737E+00    0.502683841899740E-01    0.383901480679113E+01    0.141611706844659E+01    0.279800192839602E+01    0.190142608312031E+01   -0.762937928640012E+00   -0.277171502466045E+00    0.584548003310636E+00    0.293966435195718E+01    0.162126268528523E+01    0.479077899562186E+00    0.219336439556605E+01    0.178875896489513E+01    0.210892628527092E+01    0.622540831212594E+00    0.345879923171765E+01    0.194107579181031E+01    0.259349715892991E+00    0.296107924720617E+01    0.434451771772240E+01    0.441183847604639E+01    0.367640725935440E+01    0.261229725297216E+01    0.227941547245166E+01    0.357369209738072E+01    0.299338936771544E+01   -0.158950675907874E+00    0.307987590753291E+01    0.200233851151058E+01    0.138999892083506E+01    0.332954171635088E+01    0.360778603298075E+01    0.244977847467566E+01    0.303866118689124E+01    0.447104436647745E+01    0.179398247102000E+01    0.303954972334421E+01    0.125916408465605E+01    0.423240993810921E+01    0.296343795655995E+01    0.610810548666251E+01    0.688605309894620E+01    0.384363100545587E+01    0.366820947978044E+01    0.451366286832262E+01    0.375666098241119E+01    0.183016684320373E+01    0.191971576373590E+01    0.226236530018529E+01    0.418337440532605E+01    0.337824713745051E+01    0.377738311635425E+01    0.389737414626658E+01    0.410084460125986E+01    0.351764631392370E+01    0.351287587228072E+01    0.331399740847648E+01    0.349280258222248E+01    0.397011801865298E+01    0.450826008801258E+01    0.456497671087125E+01    0.628614738673198E+01    0.544610141753588E+01    0.216983562819293E+01    0.202440154597689E+01    0.423000546685685E+01    0.360652607656425E+01    0.512716989931944E+01    0.473865493566954E+01    0.462080334560152E+01    0.501294677234877E+01    0.666548104112087E+01    0.677411672761059E+01    0.537797957689579E+01    0.346313574019642E+01    0.350255808724442E+01    0.301093718285535E+01    0.234156213282137E+01    0.562630857728601E+01    0.616277875619291E+01    0.624432247468363E+01    0.561732639669233E+01    0.578607912206969E+01    0.542311976302582E+01    0.544035222094876E+01    0.397162645872422E+01    0.277019591138532E+01    0.626133710809975E+01    0.417275334139745E+01    0.765610802124142E+01    0.653469621157912E+01    0.734050601597793E+01    0.461747289437782E+01    0.538424471801377E+01    0.511085685920278E+01    0.498471063037908E+01    0.559349060176467E+01    0.422502374325931E+01    0.610605329551046E+01    0.526233342813743E+01    0.599646019197184E+01    0.648069260901975E+01    0.630792626584059E+01    0.800085283372354E+01    0.467154858994116E+01    0.618350133585116E+01    0.560187692407815E+01    0.639006020497053E+01    0.638190827064506E+01    0.729905366176085E+01    0.770406771520505E+01    0.799525314103005E+01    0.760481385516061E+01    0.691325033265090E+01    0.665559175961527E+01    0.616502780642555E+01    0.420168567779163E+01    0.598385116932030E+01    0.684897936923290E+01    0.702481116975076E+01    0.794401521381508E+01    0.906304296989471E+01    0.982332816533731E+01    0.861522875107404E+01    0.793303569803528E+01    0.668866441327791E+01    0.671803526248973E+01    0.716613205783747E+01    0.739223727077283E+01    0.887868677397655E+01    0.108004978815808E+02    0.804590880195953E+01    0.833516284651565E+01    0.877892298469139E+01    0.901677260795019E+01    0.694225326813475E+01    0.745431901990849E+01    0.751021894174653E+01    0.850339050655488E+01    0.840560313529734E+01    0.107974248416249E+02    0.890940931825277E+01    0.774960195006999E+01    0.947171418331618E+01    0.792814057269969E+01    0.789654990816846E+01    0.748962610209131E+01    0.731053787976617E+01    0.738735406530143E+01    0.858552296276731E+01    0.104626998000434E+02    0.855194541923206E+01    0.861097548029528E+01    0.972302716211200E+01    0.721457440841468E+01    0.836263807342315E+01    0.732299491320850E+01    0.760529747301914E+01    0.716266158114776E+01    0.955892384584491E+01    0.811241193783288E+01    0.943936136672462E+01    0.959616134238204E+01    0.105122005046097E+02    0.974077817980201E+01    0.786412447884447E+01    0.875562676819662E+01    0.877486214099423E+01    0.892837421857232E+01    0.995700740998204E+01    0.111518089567650E+02    0.947095414308997E+01    0.118352183445203E+02    0.113793170556959E+02    0.112063045925260E+02    0.872775845481748E+01    0.871638837803728E+01    0.909057931877786E+01    0.108185179826419E+02    0.835291176249629E+01    0.894367136634152E+01    0.101450607035274E+02    0.116494976692893E+02    0.104329715289145E+02    0.112900153379566E+02    0.742330230630956E+01    0.892381969075501E+01    0.832642589975922E+01    0.847707922026565E+01    0.106655728161040E+02    0.100824886398753E+02    0.123103326935611E+02    0.106868737802211E+02    0.103883281242285E+02    0.116554979328831E+02    0.101584692950687E+02    0.107749715677622E+02    0.109964472667621E+02    0.112967343286903E+02    0.108072899264708E+02    0.118242471012576E+02    0.126808951660850E+02    0.115209836418573E+02    0.125419469265056E+02    0.105299523576807E+02    0.114673710492603E+02    0.100585049859520E+02    0.105834249597106E+02    0.124147380078402E+02    0.113833381630292E+02    0.136205283903037E+02
